# Created by Octave 4.2.0, Mon Feb 06 16:20:18 2017 JST <touyou@M-fujiiyosuke.local>
# name: v
# type: matrix
# rows: 1
# columns: 4
 1 2 3 4


